14,3
14,1
13,3
13,1
12,3
12,2
12,1
11,28
11,27
11,26
11,25
11,24
11,23
11,22
11,21
11,20
11,19
11,18
11,17
11,16
11,15
11,14
11,13
11,12
11,11
11,10
11,9
11,8
11,7
11,6
11,5
11,4
11,3
11,2
11,1
10,303
10,302
10,301
10,296
10,295
10,291
10,289
10,284
10,283
10,272
10,270
10,269
10,268
10,265
10,262
10,261
10,260
10,252
10,250
10,248
10,241
10,238
10,237
10,235
10,234
10,232
10,231
10,230
10,226
10,224
10,223
10,219
10,213
10,210
10,209
10,204
10,201
10,200
10,195
10,193
10,189
10,183
10,182
10,178
10,177
10,176
10,175
10,171
10,169
10,168
10,167
10,166
10,165
10,164
10,163
10,159
10,158
10,157
10,154
10,153
10,150
10,149
10,148
10,147
10,141
10,138
10,133
10,129
10,115
10,114
10,112
10,105
10,103
10,101
10,96
10,95
10,94
10,88
10,82
10,81
10,80
10,75
10,74
10,65
10,64
10,34
10,32
10,26
10,24
10,16
10,11
10,9
10,8
10,7
10,6
10,3
10,2
9,7
9,6
9,5
9,4
9,3
9,2
8,17
8,16
8,15
8,14
8,13
8,12
8,11
8,10
8,9
8,8
32,3
8,7
8,6
8,5
8,4
8,3
8,2
3,3
35,5
3,2
3,1
2,2
2,3
2,1
0,386
35,3
0,243
0,1
0,9
0,278
0,273
0,276
0,272
0,271
0,270
18,1
18,3
19,2
19,3
20,2
20,3
32,1
33,0
33,1
33,3
33,4
34,1
34,3
35,0
35,2
35,4
36,1
36,2
37,0
37,2
37,3
38,1
38,2
38,4
39,1
39,2
40,0
40,1
40,3
40,4
40,2
39,3
39,0
38,3
38,0
37,1
36,3
36,0
35,1
34,2
34,0
33,2
32,2
32,0
20,1
19,1
0,275
0,12
0,10
0,8
0,0
0,268
0,267
0,266
0,265
0,264
0,263
0,262
0,261
0,260
0,259
0,258
0,257
0,256
0,255
0,254
0,253
0,252
0,251
0,250
0,249
0,248
0,247
0,246
0,245
0,244
0,242
0,241
0,240
0,239
0,238
0,237
0,236
0,235
0,234
0,233
0,232
0,231
0,230
0,229
0,228
0,227
0,226
0,225
0,224
0,223
0,222
0,221
0,220
0,219
0,218
0,217
0,216
0,215
0,214
0,213
0,212
0,211
0,210
0,209
0,208
0,207
0,206
0,205
0,311
0,204
0,310
0,203
0,202
0,309
0,308
0,201
0,307
0,306
0,200
0,305
0,304
0,199
0,303
0,302
0,198
0,301
0,197
0,300
0,196
0,299
0,195
0,298
0,194
0,297
0,193
0,296
0,192
0,295
0,63
0,294
0,62
0,293
0,61
0,292
0,60
0,291
0,59
0,290
0,58
0,289
0,57
0,288
0,56
0,287
0,55
0,286
0,54
0,285
0,53
0,284
0,52
0,51
0,315
0,282
0,50
0,313
0,281
0,49
0,312
0,280
0,48
0,314
0,279
0,47
0,277
0,46
0,274
0,45
0,437
0,411
0,436
0,410
0,409
0,435
0,408
0,434
0,407
0,433
0,406
0,432
0,405
0,431
0,404
0,403
0,430
0,402
0,429
0,401
0,428
0,400
0,427
0,399
0,441
0,398
0,426
0,397
0,425
0,396
0,424
0,395
0,423
0,394
0,422
0,393
0,421
0,392
0,420
0,391
0,440
0,390
0,419
0,389
0,418
0,388
0,439
0,387
0,417
0,385
0,416
0,384
0,415
0,319
0,414
0,318
0,438
0,317
0,413
0,316
0,412
0,283
0,269
0,6
0,5
0,11
0,4
0,2
0,3
0,7
